# Lines - 8x8.me fill patterns (Bitsy)
# This work is dedicated to the Public Domain by ACED, licensed under CC0
# https://creativecommons.org/publicdomain/zero/1.0/

TIL 1
11111111
00000000
11001100
00000000
11111111
00000000
11001100
00000000
NAME horizontaldenselinedash

TIL 2
11111111
00000000
10101010
00000000
11111111
00000000
10101010
00000000
NAME horizontaldenselinedot

TIL 3
11111111
00000000
11111111
00000000
11111111
00000000
11111111
00000000
NAME horizontaldense

TIL 4
00000000
00000000
11111111
00000000
00000000
00000000
11111111
00000000
NAME horizontal

TIL 5
00000000
11111111
11111111
00000000
00000000
11111111
11111111
00000000
NAME horizontalmedium

TIL 6
11111111
11111111
11111111
00000000
11111111
11111111
11111111
00000000
NAME horizontalbold

TIL 1
00000000
00000000
00000000
00000000
00000000
11111111
00000000
00000000
NAME horizontalsparse

TIL 2
00000000
00000000
00000000
00000000
11111111
11111111
00000000
00000000
NAME horizontalsparsemedium

TIL 3
00000000
00000000
00000000
00000000
11111111
11111111
11111111
00000000
NAME horizontalsparsebold

TIL 4
00000000
00000000
00000000
11111111
11111111
11111111
11111111
00000000
NAME horizontalsparseextrabold

TIL 5
00000000
00000000
11111111
11111111
11111111
11111111
11111111
00000000
NAME horizontalsparseultrabold

TIL 6
00000000
00000000
11111111
00000000
11111111
00000000
11111111
00000000
NAME horizontalstripes

TIL 7
00000000
00000000
00000000
11111111
00000000
11111111
00000000
00000000
NAME horizontalpinstripe

TIL 8
00000000
00000000
00000000
11111111
00000000
11111111
11111111
00000000
NAME horizontalpinstripemedium

TIL 1
10101010
10101010
10001000
10001000
10101010
10101010
10001000
10001000
NAME verticaldenselinedash

TIL 2
10101010
10001000
10101010
10001000
10101010
10001000
10101010
10001000
NAME verticaldenselinedot

TIL 3
10101010
10101010
10101010
10101010
10101010
10101010
10101010
10101010
NAME verticaldense

TIL 4
10001000
10001000
10001000
10001000
10001000
10001000
10001000
10001000
NAME vertical

TIL 5
11001100
11001100
11001100
11001100
11001100
11001100
11001100
11001100
NAME verticalmedium

TIL 6
11101110
11101110
11101110
11101110
11101110
11101110
11101110
11101110
NAME verticalbold

TIL 1
00001000
00001000
00001000
00001000
00001000
00001000
00001000
00001000
NAME verticalsparse

TIL 2
00011000
00011000
00011000
00011000
00011000
00011000
00011000
00011000
NAME verticalsparsemedium

TIL 3
00011100
00011100
00011100
00011100
00011100
00011100
00011100
00011100
NAME verticalsparsebold

TIL 4
00111100
00111100
00111100
00111100
00111100
00111100
00111100
00111100
NAME verticalsparseextrabold

TIL 5
00111110
00111110
00111110
00111110
00111110
00111110
00111110
00111110
NAME verticalsparseultrabold

TIL 6
00101010
00101010
00101010
00101010
00101010
00101010
00101010
00101010
NAME verticalstripes

TIL 7
00101000
00101000
00101000
00101000
00101000
00101000
00101000
00101000
NAME verticalpinstripe

TIL 8
00101100
00101100
00101100
00101100
00101100
00101100
00101100
00101100
NAME verticalpinstripemedium

TIL 1
10001000
01000100
00100010
00010001
10001000
01000100
00100010
00010001
NAME dexter

TIL 2
10011001
11001100
01100110
00110011
10011001
11001100
01100110
00110011
NAME dextermedium

TIL 3
11011101
11101110
01110111
10111011
11011101
11101110
01110111
10111011
NAME dexterbold

TIL 4
10000000
01000000
00100000
00010000
00001000
00000100
00000010
00000001
NAME dextersparse

TIL 5
10000001
11000000
01100000
00110000
00011000
00001100
00000110
00000011
NAME dextersparsemedium

TIL 6
11000001
11100000
01110000
00111000
00011100
00001110
00000111
10000011
NAME dextersparsebold

TIL 7
11000011
11100001
11110000
01111000
00111100
00011110
00001111
10000111
NAME dextersparseextrabold

TIL 8
11100011
11110001
11111000
01111100
00111110
00011111
10001111
11000111
NAME dextersparseultrabold

TIL 1
10100010
01010001
10101000
01010100
00101010
00010101
10001010
01000101
NAME dexterstripes

TIL 2
10000100
01000010
00100001
10010000
01001000
00100100
00010010
00001001
NAME dexterpinstripe

TIL 3
10001100
01000110
00100011
10010001
11001000
01100100
00110010
00011001
NAME dexterpinstripemedium

TIL 4
10001000
10001000
01000100
01000100
00100010
00100010
00010001
00010001
NAME dextersteep

TIL 5
10011001
10011001
11001100
11001100
01100110
01100110
00110011
00110011
NAME dextersteepmedium

TIL 6
11000000
00110000
00001100
00000011
11000000
00110000
00001100
00000011
NAME dextershallow

TIL 7
11000011
11110000
00111100
00001111
11000011
11110000
00111100
00001111
NAME dextershallowmedium

TIL 1
00010001
00100010
01000100
10001000
00010001
00100010
01000100
10001000
NAME sinister

TIL 2
10011001
00110011
01100110
11001100
10011001
00110011
01100110
11001100
NAME sinistermedium

TIL 3
10111011
01110111
11101110
11011101
10111011
01110111
11101110
11011101
NAME sinisterbold

TIL 4
00000001
00000010
00000100
00001000
00010000
00100000
01000000
10000000
NAME sinistersparse

TIL 5
10000001
00000011
00000110
00001100
00011000
00110000
01100000
11000000
NAME sinistersparsemedium

TIL 6
10000011
00000111
00001110
00011100
00111000
01110000
11100000
11000001
NAME sinistersparsebold

TIL 7
11000011
10000111
00001111
00011110
00111100
01111000
11110000
11100001
NAME sinistersparseextrabold

TIL 8
11000111
10001111
00011111
00111110
01111100
11111000
11110001
11100011
NAME sinistersparseultrabold

TIL 1
01000101
10001010
00010101
00101010
01010100
10101000
01010001
10100010
NAME sinisterstripes

TIL 2
00100001
01000010
10000100
00001001
00010010
00100100
01001000
10010000
NAME sinisterpinstripe

TIL 3
00110001
01100010
11000100
10001001
00010011
00100110
01001100
10011000
NAME sinisterpinstripemedium

TIL 4
00010001
00010001
00100010
00100010
01000100
01000100
10001000
10001000
NAME sinistersteep

TIL 5
10011001
10011001
00110011
00110011
01100110
01100110
11001100
11001100
NAME sinistersteepmedium

TIL 6
00000011
00001100
00110000
11000000
00000011
00001100
00110000
11000000
NAME sinistershallow

TIL 7
11000011
00001111
00111100
11110000
11000011
00001111
00111100
11110000
NAME sinistershallowmedium
