# Round - 8x8.me fill patterns (bitsy)
# This work is dedicated to the Public Domain by ACED, licensed under CC0
# https://creativecommons.org/publicdomain/zero/1.0/

TIL 1
00000000
00000000
00010000
00101000
00010000
00000000
00000000
00000000
NAME annuletsmall

TIL 2
00000100
00001010
00000100
00000000
01000000
10100000
01000000
00000000
NAME annuletsmallduo

TIL 3
01000100
10101010
01000100
00000000
01000100
10101010
01000100
00000000
NAME annuletsmallquad

TIL 4
00000100
00001110
00000100
00000000
01000000
11100000
01000000
00000000
NAME roundelsmallduo

TIL 5
00000000
00000000
00010000
00111000
00010000
00000000
00000000
00000000
NAME roundelsmall

TIL 1
00000000
00000000
00011000
00100100
00100100
00011000
00000000
00000000
NAME annulet

TIL 2
01000010
10000001
00011000
00100100
00100100
00011000
10000001
01000010
NAME annuletcoannulet

TIL 3
01011010
10000001
00011000
10100101
10100101
00011000
10000001
01011010
NAME annuletcoannuletsquare

TIL 4
00100100
01000010
10011001
00100100
00100100
10011001
01000010
00100100
NAME annuletcoannuletxl

TIL 5
00100100
01000010
10011001
00111100
00111100
10011001
01000010
00100100
NAME roundelcoannuletxl

TIL 6
01000010
10000001
00011000
00111100
00111100
00011000
10000001
01000010
NAME roundelcoannulet

TIL 7
11000011
10000001
00011000
00111100
00111100
00011000
10000001
11000011
NAME roundelcoroundel

TIL 8
00000000
00000000
00011000
00111100
00111100
00011000
00000000
00000000
NAME roundel

TIL 9
00000000
00000000
00011000
00101100
00111100
00011000
00000000
00000000
NAME ball

TIL 1
00000000
00111000
01000100
01000100
01000100
00111000
00000000
00000000
NAME annuletlarge

TIL 2
00000000
00111000
01101100
01000100
01101100
00111000
00000000
00000000
NAME annuletlargemedium

TIL 3
00000000
00111000
01111100
01101100
01111100
00111000
00000000
00000000
NAME annuletlargebold

TIL 4
00000000
00111000
01111100
01111100
01111100
00111000
00000000
00000000
NAME roundellarge

TIL 5
00000000
00111000
01101100
01011100
01111100
00111000
00000000
00000000
NAME balllarge

TIL 6
11000111
10111011
01001100
01111100
01111100
10111011
11000100
11000111
NAME spheres

TIL 1
00111000
01000100
10000010
10000010
10000010
01000100
00111000
00000000
NAME annuletxxl

TIL 2
00111000
01000100
10010010
10100010
10000010
01000100
00111000
00000000
NAME bubble

TIL 3
00111000
01111100
11111110
11111110
11111110
01111100
00111000
00000000
NAME roundelxxl

TIL 4
00111000
01001100
10011110
10111110
11111110
01111100
00111000
00000000
NAME ballxxl

TIL 1
00111100
01000010
10000001
10000001
10000001
10000001
01000010
00111100
NAME annuletxxxl

TIL 2
00111100
01100110
11000011
10000001
10000001
11000011
01100110
00111100
NAME annuletxxxlmedium

TIL 3
00111100
01111110
11100111
11000011
11000011
11100111
01111110
00111100
NAME annuletxxxlbold

TIL 4
00111100
01111110
11111111
11100111
11100111
11111111
01111110
00111100
NAME annuletxxxlextrabold

TIL 5
00111100
01111110
11111111
11111111
11111111
11111111
01111110
00111100
NAME roundelxxxl

TIL 1
00011000
00011000
00001100
11000111
11100011
00110000
00011000
00011000
NAME truchetdexter

TIL 2
00011000
00011000
00110000
11100011
11000111
00001100
00011000
00011000
NAME truchetsinister
