# Waves - 8x8.me fill patterns (bitsy)
# This work is dedicated to the Public Domain by ACED, licensed under CC0
# https://creativecommons.org/publicdomain/zero/1.0/

TIL 1
00000000
01010000
00000101
00000000
00000000
00101000
10000010
00000000
NAME ripplelight

TIL 2
00000000
01111000
10000111
00000000
00000000
00111100
11000011
00000000
NAME ripple

TIL 3
00110000
01001010
10000001
00000000
00110000
01001010
10000001
00000000
NAME wave

TIL 4
00000000
00000000
00000000
00000000
00010000
01000100
00000001
00000000
NAME tidallight

TIL 5
00000000
00000000
00000000
00000000
00110000
01000100
10000001
00000000
NAME tidalsemilight

TIL 6
00000000
00000000
00000000
00000000
00111000
01000100
10000011
00000000
NAME tidal

TIL 7
00000000
00000000
00000000
00111000
01111100
11000111
10000011
00000000
NAME tidalmedium

TIL 8
00000000
00000000
00000000
00100000
00010000
00100100
01000001
00000000
NAME oceaniclight

TIL 9
00000000
00000000
00000000
01100000
00110000
01101100
11000011
00000000
NAME oceanic

TIL 1
00100010
01010101
10001000
00000000
00100010
01010101
10001000
00000000
NAME zigzagmini

TIL 2
00100010
01110111
11011101
10001000
00100010
01110111
11011101
10001000
NAME zigzagminimedium

TIL 3
00000000
00000000
00100000
01010000
10001000
00000101
00000010
00000000
NAME zigzag

TIL 4
00000000
00000000
00100000
01110000
11011000
10001101
00000111
00000010
NAME zigzagmedium

TIL 5
00000000
00100000
01110000
11111000
11011101
10001111
00000111
00000010
NAME zigzagbold

TIL 6
00000000
00100000
01010000
10101000
01010101
10001010
00000101
00000010
NAME zigzagboldshaded

TIL 7
00100000
01110000
11111000
11111101
11011111
10001111
00000111
00000010
NAME zigzagextrabold

TIL 8
00100000
01010000
10001000
00100101
01010010
10001000
00000101
00000010
NAME zigzagpinstripe

TIL 9
00100010
00100010
01010000
01010000
10001000
10001000
00000101
00000101
NAME zigzagsteep

TIL 1
00000000
00000000
00100000
00110000
00101000
00100100
11100011
00000000
NAME dentilly

TIL 2
01000100
01100110
11011101
00000000
01000100
01100110
11011101
00000000
NAME dentillymini

TIL 3
00010000
00101000
01000100
01000100
01000100
01000100
10000010
00000001
NAME urdy

TIL 4
01000100
10101010
10101010
00010001
01000100
10101010
10101010
00010001
NAME urdymini

TIL 5
00000000
00000000
00111000
00101000
11101110
10000010
10000011
00000000
NAME embattledgrady

TIL 6
00000000
00000000
01111100
01000100
01000100
01000100
11000111
00000000
NAME embattled

TIL 7
11101110
10101010
10111011
00000000
11101110
10101010
10111011
00000000
NAME embattledmini

TIL 8
11111110
10000010
10000010
11101110
00101000
00101000
11101111
00000000
NAME potenty

TIL 9
11101110
01000100
11111111
00000000
11101110
01000100
11111111
00000000
NAME potentymini

TIL 1
01000100
11101110
10101010
10101010
10101010
10101010
10111011
00010001
NAME serpentine

TIL 2
01010000
10100000
00000101
00001010
01010000
10100000
00000101
00001010
NAME rising

TIL 3
00100000
01010000
00001010
00000100
01000000
10100000
00000101
00000010
NAME riseandfall

TIL 4
00000000
11000011
00100100
00010000
00001000
00100100
11000011
00000000
NAME doublehelix
