# Nature - 8x8.me fill patterns (bitsy)
# This work is dedicated to the Public Domain by ACED, licensed under CC0
# https://creativecommons.org/publicdomain/zero/1.0/

TIL 1
11111110
01111101
10000011
11101111
11101111
11010111
00111000
11111110
NAME scales

TIL 2
01111111
01111111
01111111
10111111
10111111
11011111
10100111
01111000
NAME scaleslargedexter

TIL 3
11111110
11111110
11111110
11111101
11111101
11111011
11100101
00011110
NAME scaleslargesinister

TIL 1
00000000
00000000
00100000
00000000
00000010
00000000
00010000
00000000
NAME loam

TIL 2
00000000
10000000
01000000
00001000
00000100
01000000
00100000
00000010
NAME sand

TIL 3
00000000
00100000
00010000
00000000
00000010
01000100
00100000
00000000
NAME patch

TIL 4
01000000
00100000
01000000
00000000
00000010
00000100
00000010
00000000
NAME divot

TIL 5
00000000
00001010
00000100
00000000
00000000
10100000
01000000
00000000
NAME grass

TIL 6
00000000
10101010
01000100
00000000
00000000
10101010
01000100
00000000
NAME grassmini

TIL 7
00010001
01010101
01010101
00000000
00100010
10101010
10101010
00000000
NAME field

TIL 8
00000001
00000101
00000101
00000000
00100000
10100000
10100000
00000000
NAME fieldsparse

TIL 9
00000000
01010000
01010000
00000000
00001010
10101010
10100000
00000000
NAME pasture

TIL 1
00000000
00000000
01000000
10100000
01000100
00001010
00000100
00000000
NAME daisies

TIL 2
00000000
00000000
00000000
00000000
00000100
01001000
00101000
00000000
NAME tuffet

TIL 3
00000000
00000000
00000000
00010000
01010100
00101000
00000000
00000000
NAME shrub

TIL 4
00000000
00000000
00000100
01001100
01101000
00100000
00000000
00000000
NAME sprout

TIL 5
00000000
00000000
00100000
00110000
00010000
11000110
01101100
00000000
NAME crop

TIL 6
00000000
00100000
00110000
00010100
11001100
01101000
00101000
00000000
NAME bush

TIL 7
00100000
00110000
00010010
00000110
00000100
11000000
01100000
00000000
NAME leaves

TIL 8
01100000
01100011
00110111
00000110
11000000
11100110
01100110
00001100
NAME overgrowth

TIL 1
00000000
00010000
01010100
00101000
00010000
01111100
00000000
00000000
NAME thicket

TIL 2
00000000
00010000
00101000
01010100
00101000
01010100
00010000
00010000
NAME tree

TIL 3
00000000
00000000
00000000
00000000
00110000
01110100
00000000
00000000
NAME rocks

TIL 4
01100000
10010000
00000110
00001001
00000000
00110000
01001000
00000000
NAME mounds

TIL 5
00000000
00000000
00000000
00111000
01010000
01101000
00000010
00000100
NAME skull

TIL 6
00000000
00011000
01011100
11001100
00101110
11000010
10011000
00111100
NAME crackedboulder

TIL 7
00111010
00110100
00111000
00101000
10111000
01011000
00111000
00101000
NAME bamboo