# Rectilinear - 8x8.me fill patterns (bitsy)
# This work is dedicated to the Public Domain by ACED, licensed under CC0
# https://creativecommons.org/publicdomain/zero/1.0/

TIL 1
00000000
01100110
01100110
00000000
00000000
01100110
01100110
00000000
NAME squaremicro

TIL 2
00000000
01100110
01100110
00000000
00000000
10011001
10011001
00000000
NAME squaremicrooffset

TIL 3
11101110
10001000
10001000
00000000
11101110
10001000
10001000
00000000
NAME squareminihighlight

TIL 4
11101110
10101010
11101110
00000000
11101110
10101010
11101110
00000000
NAME squaremini

TIL 5
11101110
10101010
11101110
00000000
10111011
10101010
10111011
00000000
NAME squareminioffset

TIL 6
11101110
11101110
11101110
00000000
11101110
11101110
11101110
00000000
NAME squareminisolid

TIL 7
11101110
11101110
11101110
00000000
10111011
10111011
10111011
00000000
NAME squareminisolidoffset

TIL 8
00000000
11101110
10001000
00000000
00000000
11101110
10001000
00000000
NAME billetminihighlight

TIL 9
00000000
11101110
11101110
00000000
00000000
11101110
11101110
00000000
NAME billetmini

TIL a
01100110
01100110
01100110
00000000
01100110
01100110
01100110
00000000
NAME billetverticalmini

TIL 1
00000000
00000000
00111100
00100100
00100100
00111100
00000000
00000000
NAME square

TIL 2
00000000
00000000
00111100
00111100
00111100
00111100
00000000
00000000
NAME squaresolid

TIL 3
00000000
00000000
00101000
00010100
00101000
00010100
00000000
00000000
NAME squareshaded

TIL 4
00000000
01111110
01000010
01000010
01000010
01000010
01111110
00000000
NAME squarelarge

TIL 5
00000000
01111110
01111110
01100110
01100110
01111110
01111110
00000000
NAME squarelargemedium

TIL 6
00000000
01111110
01111110
01111110
01111110
01111110
01111110
00000000
NAME squarelargesolid

TIL 7
00000000
01010100
00101010
01010100
00101010
01010100
00101010
00000000
NAME squarelargeshaded

TIL 8
11111110
10000010
10000010
10000010
10000010
10000010
11111110
00000000
NAME squarexl

TIL 9
11111110
11111110
11000110
11000110
11000110
11111110
11111110
00000000
NAME squarexlmedium

TIL a
11111110
11111110
11111110
11111110
11111110
11111110
11111110
00000000
NAME squarexlsolid

TIL b
10101010
01010100
10101010
01010100
10101010
01010100
10101010
00000000
NAME squarexlshaded

TIL 1
00000000
00000000
01111100
01000100
01000100
01111100
00000000
00000000
NAME rectangle

TIL 2
00000000
00000000
01111100
01111100
01111100
01111100
00000000
00000000
NAME rectanglesolid

TIL 3
00000000
11111110
10000010
10000010
10000010
10000010
11111110
00000000
NAME rectanglelarge

TIL 4
00000000
11111110
11111110
11000110
11000110
11111110
11111110
00000000
NAME rectanglelargemedium

TIL 5
00000000
11111110
11111110
11111110
11111110
11111110
11111110
00000000
NAME rectanglelargesolid

TIL 6
00000000
00000000
01111110
01000010
01000010
01111110
00000000
00000000
NAME billet

TIL 7
00000000
00000000
01111110
01111110
01111110
01111110
00000000
00000000
NAME billetsolid

TIL 8
00000000
00000000
00101010
01010100
00101010
01010100
00000000
00000000
NAME billetshaded

TIL 9
00000000
00111100
00100100
00100100
00100100
00100100
00111100
00000000
NAME billetvertical

TIL a
00000000
00111100
00111100
00111100
00111100
00111100
00111100
00000000
NAME billetverticalsolid

TIL b
00000000
00010100
00101000
00010100
00101000
00010100
00101000
00000000
NAME billetverticalshaded

TIL 1
11111111
10000000
10000000
10011110
10011110
10011110
10011110
10000000
NAME waffle

TIL 2
11111110
10000010
10111110
10111110
10111110
10111110
11111110
00000000
NAME tile

TIL 3
11111110
10101010
11010110
10101010
11010110
10101010
11111110
00000000
NAME tileshaded

TIL 4
11111000
11111100
11111010
11111100
11111010
01010100
00101010
00000000
NAME illuminated

TIL 5
01111110
10111100
11000000
11011000
11011000
11000000
10000000
00000000
NAME block

TIL 6
11111110
01111100
10111000
01010000
10101000
01000100
10000010
00000001
NAME blockpyramid
